54
85
7
2
59
38
56
72
22
45
100
80
49
74
51
93
84
27
61
96
82
66
61
66
39
67
52
37
21
95
19
22
74
47
40
64
68
89
36
57
96
15
74
71
85
92
2
31
68
93
51
92
44
65
25
97
15
57
46
82
26
71
60
28
11
84
88
28
5
26
75
76
98
91
97
12
24
45
85
96
7
60
74
47
100
34
43
30
91
85
26
32
84
9
74
30
91
13
95
47
50
78
84
6
93
12
57
30
40
96
65
93
78
2
82
13
13
36
1
55
38
37
57
15
86
25
12
96
64
1
42
88
99
42
48
12
13
95
50
72
25
3
80
7
34
64
75
0
26
15
76
52
50
36
41
70
0
100
52
23
31
31
19
66
57
43
100
85
44
77
63
47
15
55
21
71
87
9
40
98
96
92
60
92
87
41
54
22
19
70
33
94
14
32
15
45
75
0
81
54
65
24
37
1
1
45
86
70
93
95
31
32
81
2
42
56
98
1
38
43
73
69
80
16
98
31
7
85
71
83
14
11
85
89
3
90
97
7
64
16
20
38
78
99
47
61
65
66
70
77
42
42
77
53
95
92
65
7
86
91
7
73
57
97
5
9
45
50
60
52
37
10
1
5
73
86
10
83
45
20
12
66
58
33
71
100
9
83
72
42
22
14
73
38
83
47
94
50
77
23
25
63
29
78
85
56
49
80
82
93
82
38
30
28
4
89
97
82
46
92
60
41
11
34
27
0
34
91
1
24
2
75
65
72
74
91
54
93
64
74
77
70
84
85
68
65
6
86
46
88
69
7
4
4
73
92
55
4
14
49
74
71
77
48
23
74
16
3
0
83
73
70
32
75
16
10
37
85
46
59
58
20
32
22
1
11
31
99
38
3
8
29
57
36
46
7
77
37
52
73
86
2
18
46
15
3
80
64
41
51
97
90
9
44
10
86
95
100
96
81
18
97
31
74
33
1
63
15
95
4
12
40
17
78
68
65
84
26
46
13
61
4
78
0
100
69
36
52
27
52
24
4
41
78
16
65
40
38
72
11
73
87
10
29
12
70
21
2
90
11
78
25
98
36
19
50
87
62
57
22
95
60
6
40
7
99
91
33
13
20
25
21
41
1
47
93
73
11
15
29
93
71
3
56
27
78
13
74
94
19
4
44
24
51
0
89
72
92
67
29
19
35
43
27
23
5
18
83
58
30
9
49
66
77
83
99
31
28
1
36
27
63
54
62
62
16
79
58
77
57
80
45
45
90
96
54
52
90
2
47
87
73
87
33
36
19
30
14
64
58
10
32
24
48
90
3
95
72
36
93
11
59
73
28
93
58
7
12
79
93
62
68
23
7
96
72
24
66
91
82
47
77
56
39
98
14
48
46
26
97
70
15
1
71
57
57
91
44
9
91
30
53
81
90
26
25
3
13
72
6
74
64
24
41
86
61
52
8
45
28
35
29
64
12
59
72
45
11
16
81
57
17
10
33
85
58
37
41
44
60
39
1
31
55
62
75
90
96
82
85
29
92
52
30
65
81
42
53
72
83
8
56
82
21
35
99
7
16
35
56
18
34
58
42
2
18
95
13
10
38
31
37
66
79
29
85
2
33
5
10
25
8
2
68
97
48
10
72
10
96
75
20
55
16
95
58
7
73
49
74
31
61
49
22
77
69
54
32
84
91
88
4
56
89
63
88
55
74
99
95
11
37
61
68
18
98
47
45
31
77
60
13
33
92
59
59
23
22
65
2
75
51
26
92
34
20
39
88
70
46
73
1
52
30
97
3
18
32
16
64
73
10
66
80
68
78
84
14
66
39
78
35
47
95
80
6
76
42
43
90
92
83
38
49
7
89
3
2
90
33
37
92
13
53
65
40
19
57
21
71
39
52
67
66
10
34
93
32
63
42
99
100
20
56
40
45
13
38
0
21
63
7
27
96
40
14
42
15
16
23
20
3
20
60
77
71
23
53
80
76
93
8
93
79
20
65
97
6
53
61
82
95
93
63
56
42
10
89
92
1
62
90
79
5
76
9
95
19
47
90
50
66
12
60
88
81
68
16
71
89
74
45
40
94
76
51
11
55
27
66
70
60
27
42
70
23
2
95
34
32
33
51
77
30
93
99
98
98
10
26
69
72
32
10
48
56
58
78
31
42
41
69
69
35
25
66
57
62
60
59
90
22
35
76
57
42
21
59
80
65
43
100
10
62
89
31
74
99
77
72
26
42
0
19
96
59
91
12
9
83
35
58
60
68
10
92
51
81
83
73
65
10
11
50
31
5
62
12
12
0
48
39
58
54
29
61
87
7
27
93
20
56
14
0
19
78
86
77
63
21
27
65
95
46
17
41
89
54
65
39
17
42
25
64
35
42
84
75
10
75
92
14
76
2
33
82
44
61
83
30
63
91
27
95
82
79
74
29
22
13
33
33
63
5
14
57
68
36
85
82
32
15
2
9
27
40
43
82
41
61
47
54
84
53
13
65
28
54
65
40
7
20
93
46
32
96
27
98
0
97
57
74
26
8
14
12
32
18
13
47
57
18
41
5
3
0
47
10
55
97
13
80
40
42
27
87
75
26
54
19
79
69
98
31
88
76
10
32
88
60
35
13
3
61
89
19
52
29
80
33
42
85
19
75
63
87
92
72
71
13
17
3
81
29
26
82
67
36
65
66
74
94
73
82
44
92
29
16
50
79
61
97
1
76
50
52
86
45
80
0
22
49
40
7
97
71
58
58
47
32
33
89
24
14
53
28
56
97
21
24
31
76
93
18
6
55
8
87
33
89
81
33
36
65
63
4
59
61
18
71
66
88
57
77
45
7
26
43
53
98
27
70
21
93
45
83
3
70
74
22
25
67
92
2
56
82
63
26
14
41
23
3
8
37
63
85
66
56
94
21
71
77
80
82
84
45
100
96
52
74
80
85
31
66
40
11
45
63
55
57
28
67
91
26
21
58
38
50
39
78
31
31
36
94
12
48
31
25
77
54
81
23
35
9
73
30
41
78
20
83
56
7
90
8
97
1
70
81
11
88
85
11
69
27
5
85
88
66
4
0
37
49
39
35
83
50
45
27
66
54
90
4
91
56
44
45
48
10
79
48
76
82
19
56
85
58
17
30
70
93
71
49
84
53
41
96
11
69
90
38
19
76
52
66
10
30
25
10
72
43
36
9
59
81
100
14
91
51
18
44
4
100
38
100
78
57
86
85
74
26
66
3
39
83
61
45
69
14
55
31
20
78
98
38
23
25
21
72
8
94
10
73
75
26
11
67
38
42
3
84
45
43
93
75
31
17
67
22
88
63
89
45
28
58
30
95
58
84
48
79
96
68
91
34
53
5
54
60
36
5
77
33
73
65
40
35
13
25
17
89
60
43
23
12
93
82
96
53
36
79
76
16
34
100
41
68
98
43
51
35
1
93
16
6
22
77
32
20
98
92
17
4
60
63
24
33
84
6
59
58
86
61
54
31
3
29
7
91
43
1
26
99
23
2
50
7
71
23
7
17
35
80
79
50
45
54
51
40
62
7
24
82
55
7
44
59
93
77
92
90
50
25
19
71
20
20
22
53
70
46
100
67
26
43
77
52
20
9
66
39
44
15
14
76
36
79
80
41
91
25
31
13
80
0
62
60
53
32
34
27
76
7
4
56
100
30
13
32
47
62
64
7
9
3
30
56
89
92
27
80
63
70
67
46
5
10
99
91
50
25
48
73
23
99
54
80
29
86
52
37
35
4
62
14
54
5
34
51
86
54
89
99
83
65
32
23
59
76
17
33
74
75
54
54
80
63
37
48
59
97
56
17
69
51
9
96
96
76
30
0
89
57
35
37
8
16
60
52
68
57
84
83
69
51
64
6
71
48
97
39
31
21
74
94
99
78
99
75
81
8
80
86
34
59
68
14
79
90
16
97
80
72
83
36
71
20
42
73
50
8
39
90
0
16
50
32
68
45
73
49
7
71
33
43
97
74
70
27
81
67
2
60
87
38
33
40
55
30
59
87
12
92
91
32
15
98
76
21
71
11
20
17
65
31
75
78
30
0
12
48
0
37
43
10
100
79
89
37
35
53
77
72
17
18
48
20
10
79
15
99
15
37
78
45
22
5
94
88
58
39
74
20
93
80
90
37
35
52
5
39
47
86
78
57
100
12
100
71
31
0
19
93
40
54
29
20
73
39
37
88
98
38
74
44
31
100
78
41
13
88
17
14
38
63
6
68
68
77
35
28
81
64
46
58
30
56
9
24
51
79
83
61
36
27
47
10
66
15
45
26
75
12
82
3
98
35
9
22
57
76
51
30
14
55
94
58
75
86
57
44
72
85
7
4
67
33
44
34
31
65
16
31
98
92
52
36
13
56
41
78
66
21
79
61
32
59
58
37
66
56
48
98
62
100
72
7
69
72
72
4
40
41
9
94
8
47
47
17
5
27
31
15
33
97
20
1
65
99
83
17
80
77
4
92
14
26
8
58
16
21
19
77
16
77
63
42
12
1
8
69
18
31
44
44
16
47
71
8
91
56
1
70
97
85
84
66
85
60
50
62
92
26
93
32
58
81
23
60
56
92
99
84
53
62
16
92
12
97
2
27
54
59
31
77
45
54
29
66
6
79
73
73
55
69
63
24
47
3
80
55
24
36
42
74
76
56
58
11
94
61
25
3
62
22
1
35
32
97
25
47
60
43
42
7
43
73
27
11
84
10
97
20
16
65
36
38
73
18
85
83
76
98
98
87
22
11
9
34
55
92
97
11
69
83
48
37
100
96
6
51
64
37
35
66
49
6
66
6
58
14
89
40
54
88
20
38
30
96
50
17
85
6
42
61
5
54
48
22
23
71
29
10
14
79
34
43
99
13
7
21
70
34
81
61
2
57
2
12
47
94
100
11
12
4
91
100
21
50
85
21
96
83
27
55
6
11
9
84
73
43
0
3
24
17
78
95
66
11
67
82
79
75
10
68
35
73
84
24
17
43
83
8
59
18
21
92
57
42
92
10
72
24
15
85
82
86
3
73
66
91
59
26
41
51
38
83
36
83
2
23
4
0
26
71
16
48
23
40
60
29
25
32
78
69
82
33
66
10
6
62
53
64
4
6
60
87
13
16
40
30
4
54
0
22
77
42
64
56
18
81
83
7
5
19
65
40
53
26
76
44
20
35
64
43
52
88
31
69
77
97
69
11
80
54
7
87
92
78
40
40
26
28
83
6
71
29
28
45
30
33
0
50
5
0
81
47
6
94
76
29
20
42
90
80
50
62
16
1
91
12
73
70
30
7
71
73
17
39
47
68
8
74
41
90
26
21
62
91
46
61
22
12
93
58
18
20
55
46
73
44
72
42
6
38
71
18
57
23
51
52
75
66
94
43
16
2
3
76
60
70
3
99
100
73
71
77
64
91
1
52
2
0
50
4
73
17
78
65
88
96
31
6
73
79
13
22
35
34
11
45
63
87
87
46
30
12
5
53
5
99
100
3
79
78
92
71
58
35
94
79
51
87
95
15
13
77
60
36
81
14
30
78
45
83
52
12
38
49
26
20
17
63
79
42
74
100
94
65
55
54
79
76
68
21
93
29
90
28
89
36
39
73
19
33
82
9
25
15
88
41
34
5
29
82
89
31
36
3
22
87
57
29
1
56
55
1
23
3
36
96
47
6
24
39
96
26
45
84
53
34
65
23
3
12
51
38
12
14
55
27
42
43
0
5
64
19
4
92
66
65
46
40
5
63
67
61
39
45
13
97
66
85
48
36
98
58
24
60
65
48
99
34
87
67
4
20
8
67
0
43
13
12
75
23
37
6
98
60
